00111100000000010001000000000001
10001100001100000000000000000000
00000010000000000100000000100000
00100100000100010000000000000000
00100100000010010000000000000000
00100100000011000000000000001010
00000001000011000000000000011010
00000000000000000100000000010010
00100001001010010000000000000001
00010101000000001111111111111011
00000001001000001001000000100000
00000010000000000100000000100000
00100100000011000000000000001010
00000001000011000000000000011010
00000000000000000100100000010000
00000000000000000100000000010010
00000010010000000101000000100000
00100100000010110000000000000001
01110001011010010101100000000010
00100000000000010000000000000001
00000001010000010101000000100010
00010101010000001111111111111100
00000010001010111000100000100000
00010101000000001111111111110100
00010010000100010000000000000110
00100100000000100000000000000001
00100100000001000000000000000000
00000000000000000000000000001100
00111100000011010001000000000001
10101101101001000000000000100000
00001000000100000000000000100101
00100100000000100000000000000001
00100100000001000000000000000001
00000000000000000000000000001100
00111100000011010001000000000001
10101101101001000000000000100000
00001000000100000000000000100101
00100100000000100000000000001010
00000000000000000000000000001100
