00111100000000010001000000000001
10001100001100000000000000000000
00111100000000010001000000000001
10001100001010000000000000000100
00111100000000010001000000000001
10001100001010010000000000001000
00100001000010100000000000000001
00100001001010110000000000000001
00010010000010100000000000010101
00010010000010110000000000011011
00000000000100001000100000101010
00110100000000010000000000000001
00000000001100011000100000100011
00010010001010010000000000001110
00100100000010100000000000000000
00100100000100100000000000000010
00000001001010000101000000100000
00000001001000000100000000100000
00000001010000000100100000100000
00100010010100100000000000000001
00010110010100001111111111111011
00100100000000100000000000000001
00000001001000000010000000100000
00000000000000000000000000001100
00111100000011010001000000000001
10101101101001000000000000100000
00100100000000100000000000001010
00000000000000000000000000001100
00100100000000100000000000001010
00000000000000000000000000001100
00100100000000100000000000000001
00000001000000000010000000100000
00000000000000000000000000001100
00111100000011010001000000000001
10101101101001000000000000100000
00100100000000100000000000001010
00000000000000000000000000001100
00100100000000100000000000000001
00000001001000000010000000100000
00000000000000000000000000001100
00111100000011010001000000000001
10101101101001000000000000100000
00100100000000100000000000001010
00000000000000000000000000001100
