00111100000000010001000000000001
10001100001100000000000000000000
00111100000000010001000000000001
10001100001100010000000000000100
00111100000000010001000000000001
10001100001100100000000000001000
01110010001100010100000000000010
01110010000100100100100000000010
00100000000000010000000000000100
01110001001000010100100000000010
00000001000010010100000000100010
00010001000000000000000000001001
00000001000000000100100000101010
00100000000000010000000000000001
00010000001010010000000000001110
00100100000000100000000000000001
00100100000001000000000000000010
00000000000000000000000000001100
00111100000011010001000000000001
10101101101001000000000000100000
00001000000100000000000000011011
00100100000000100000000000000001
00100100000001000000000000000001
00000000000000000000000000001100
00111100000011010001000000000001
10101101101001000000000000100000
00001000000100000000000000011011
00100100000000100000000000001010
00000000000000000000000000001100
00100100000000100000000000000001
00100100000001000000000000000000
00000000000000000000000000001100
00111100000011010001000000000001
10101101101001000000000000100000
00001000000100000000000000011011
